Best node:  1.7320508075688772
Best neighbor score:  14.7648230602334
Bound to beat:  5.0
Max runs remaining:  0
Max iters remaining:  880
Q-size: 100
Final prices:  [-7.65284299e-03 -4.23095508e-04  2.57206877e+01  2.59186995e+01
 -1.25923526e+00  2.28747701e+01  2.41709027e+01  2.94096889e+01
  2.97013176e+01  3.86092768e-01]
Score:  1.7320508075688772
Adjusted prices:  [-7.65284299e-03 -4.23095508e-04  2.62415795e+01  2.61415458e+01
 -1.25923526e+00  2.31837888e+01  2.41709027e+01  2.94096889e+01
  2.97013176e+01  3.86092768e-01]
Adjusted Score:  2.6457513110645907
Final Allocations : 
 [[0 0 0 0 1 0 1 1 1 1]
 [1 0 1 1 0 1 1 0 0 1]
 [1 1 0 1 0 0 1 1 1 0]
 [0 1 0 0 1 0 1 1 1 0]
 [0 1 1 0 1 1 0 1 0 0]
 [1 1 1 0 0 1 1 0 0 0]
 [1 0 0 1 0 0 0 1 1 1]
 [0 0 1 1 1 1 1 0 0 1]
 [1 1 0 0 0 1 0 1 1 0]
 [1 1 1 0 0 0 1 0 1 0]
 [0 0 1 1 1 1 1 0 0 1]
 [1 0 1 0 0 1 0 0 1 1]
 [0 1 0 1 1 0 1 1 0 0]
 [1 1 0 0 0 1 1 1 0 0]
 [1 0 0 1 0 0 1 0 1 1]
 [0 1 1 0 1 0 1 0 1 0]
 [0 0 1 0 0 0 0 1 1 1]
 [0 1 0 1 1 1 0 1 0 0]
 [0 1 1 1 1 1 1 0 0 0]
 [1 1 0 1 0 1 0 1 0 0]
 [1 0 0 0 0 1 1 1 0 1]
 [0 0 0 0 1 1 0 1 1 1]
 [1 1 0 1 0 1 0 0 1 0]
 [1 1 1 0 0 1 0 1 0 0]
 [1 0 1 0 0 0 1 0 1 1]
 [0 1 0 0 1 1 1 0 1 0]
 [0 0 1 1 1 1 1 0 0 1]
 [1 0 1 1 0 0 1 0 0 1]
 [0 0 1 1 1 0 0 0 1 1]
 [1 1 0 0 0 1 0 1 1 0]
 [0 1 0 1 1 1 0 1 0 0]
 [0 0 0 1 1 1 0 1 0 1]
 [1 0 1 1 0 0 0 1 0 1]
 [1 0 1 1 0 1 1 0 0 1]
 [1 1 1 1 0 0 0 0 1 0]
 [0 0 0 1 1 0 0 1 1 1]
 [0 1 1 1 1 0 0 0 1 0]
 [1 0 0 0 0 1 1 1 0 1]
 [1 0 1 1 0 0 0 1 0 1]
 [0 0 1 1 1 0 0 0 1 1]
 [0 1 1 0 0 0 1 1 0 0]
 [0 1 0 0 1 1 0 1 1 0]
 [0 0 0 1 0 0 1 0 1 1]
 [0 0 1 0 1 0 1 0 1 1]
 [1 0 1 0 0 1 0 1 0 1]
 [0 1 1 1 0 1 1 0 0 0]
 [1 1 1 0 0 0 0 1 1 0]
 [1 0 0 0 0 1 0 1 1 1]
 [0 0 0 1 1 0 1 0 1 1]
 [1 1 1 1 0 1 1 0 0 0]]