Entering loop! Best score updated! Score is now 61.7980582219215
Best score updated! Score is now 50.79370039680118
Best score updated! Score is now 42.82522621072771
Best score updated! Score is now 37.013511046643494
Prices: 
24.82473242206412
2.6010170479478463
36.5203741962566
79.36523927732284
3.2746248685387793
48.44972935385722
60.39097515113642
0.4016264083240075
35.101967714399734
15.859844587810228
Score: 37.013511046643494
Adjusted prices:  [24.82473242  2.69786667 39.14958803 79.36523928  3.27462487 48.44972935
 60.39097515 17.79145662 35.10196771 40.66251278]
Adjusted Score:  44.58699361921591
Final Allocations : 
 [[1 1 0 0 0 0 1 0 0 0]
 [1 1 0 0 0 0 0 0 1 1]
 [0 1 0 1 0 0 0 1 0 0]
 [1 0 0 0 1 0 0 0 1 0]
 [0 1 1 0 0 0 0 1 0 0]
 [0 1 0 1 0 0 0 0 0 0]
 [1 1 0 0 0 0 0 0 1 0]
 [0 0 1 0 0 0 0 1 0 1]
 [0 1 1 0 0 0 0 1 0 1]
 [1 0 1 0 1 0 0 0 0 0]
 [0 1 1 0 0 0 0 0 1 0]
 [0 1 0 0 0 0 0 0 1 1]
 [0 1 0 0 0 0 1 1 0 0]
 [1 1 0 0 0 0 1 0 0 0]
 [1 0 1 0 0 0 0 0 1 0]
 [0 0 1 0 1 0 0 0 0 1]
 [0 0 0 0 1 0 1 1 0 0]
 [1 1 0 0 0 0 0 0 1 0]
 [0 0 1 0 1 0 0 1 0 1]
 [0 1 1 0 0 0 0 1 0 1]
 [0 0 1 0 0 0 0 1 0 1]
 [0 1 1 0 0 0 0 1 0 1]
 [0 1 0 1 0 0 0 1 0 0]
 [0 0 1 0 1 0 0 0 0 1]
 [0 1 0 0 0 0 1 0 1 0]
 [0 0 1 0 1 0 0 1 0 1]
 [0 0 1 0 1 0 0 1 0 1]
 [0 0 0 0 1 0 0 0 1 1]
 [1 1 0 0 0 0 1 0 0 0]
 [1 0 0 0 1 0 1 0 0 0]
 [0 1 1 0 0 0 0 1 0 1]
 [1 0 0 0 1 0 1 0 0 0]
 [0 1 1 0 0 0 0 1 0 0]
 [0 0 1 0 1 0 0 1 0 1]
 [0 1 0 0 0 0 1 1 0 0]
 [0 1 1 0 0 0 0 1 0 1]
 [1 0 0 0 1 0 0 0 0 1]
 [1 0 0 0 0 0 0 0 1 1]
 [0 0 0 1 1 0 0 1 0 0]
 [0 1 1 0 0 0 0 1 0 1]
 [0 0 1 0 1 0 0 1 0 0]
 [0 0 1 0 1 0 0 0 1 0]
 [0 1 0 1 0 0 0 1 0 0]
 [0 0 1 0 1 0 0 1 0 1]
 [0 0 1 0 1 0 0 1 0 1]
 [0 0 1 0 1 0 0 1 0 1]
 [0 0 0 0 1 0 0 0 1 1]
 [0 1 1 0 0 0 0 1 0 1]
 [0 1 1 0 0 0 0 1 0 1]
 [0 1 1 0 0 0 0 0 1 0]]