Iteration	Subiteration Number	Best Neighbor Score		Best Score
---------------------------------------------------------------------------------
	0				0			293.1109005				293.1109005
	0				0			204.8218738				204.8218738
	0				0			171.9941859				171.9941859
	0				0			169.7645428				169.7645428
	0				0			125.4631420				125.4631420
	0				0			92.9623580				92.9623580
	0				0			65.7495247				65.7495247
	0				0			53.5723809				53.5723809
	0				0			34.2928564				34.2928564
	0				0			30.7896086				30.7896086
	0				0			30.0998339				30.0998339
	0				0			29.5972972				29.5972972
	0				1			29.6984848				29.5972972
	0				0			29.4618397				29.4618397
	0				1			29.4618397				29.4618397
	0				0			28.7054002				28.7054002
	0				1			28.7054002				28.7054002
	0				0			28.0713377				28.0713377
	0				1			29.5972972				28.0713377
	0				2			29.5972972				28.0713377
	0				3			29.6310648				28.0713377
	0				4			29.6310648				28.0713377
	0				5			29.2574777				28.0713377
	1				0			230.4994577				28.0713377
	1				0			163.7986569				28.0713377
	1				0			153.6684743				28.0713377
	1				0			127.3577638				28.0713377
	1				0			110.7293999				28.0713377
	1				0			93.8296328				28.0713377
	1				0			76.8439978				28.0713377
	1				0			54.8178803				28.0713377
	1				0			41.7612260				28.0713377
	1				0			36.5513338				28.0713377
	1				0			33.3766385				28.0713377
	1				0			25.8650343				25.8650343
	1				0			23.9791576				23.9791576
	1				0			22.6936114				22.6936114
	1				0			21.4476106				21.4476106
	1				1			21.9772610				21.4476106
	1				0			19.4422221				19.4422221
	1				1			19.4422221				19.4422221
	1				0			19.2353841				19.2353841
	1				0			18.9208879				18.9208879
	1				0			18.7616630				18.7616630
	1				0			17.4642492				17.4642492
	1				1			17.6918060				17.4642492
	1				2			17.5783958				17.4642492
	1				3			18.2482876				17.4642492
	1				4			18.8414437				17.4642492
	1				5			18.7882942				17.4642492
	2				0			194.8152971				17.4642492
	2				0			141.9154678				17.4642492
	2				1			151.7959156				17.4642492
	2				0			135.8749425				17.4642492
	2				0			68.3227634				17.4642492
	2				0			53.0848378				17.4642492
	2				0			43.0581003				17.4642492
	2				0			32.1403174				17.4642492
	2				0			27.0739727				17.4642492
	2				0			18.8414437				17.4642492
	2				0			18.6279360				17.4642492
	2				1			18.8944436				17.4642492
	2				0			18.4661853				17.4642492
	2				0			18.4119526				17.4642492
	2				0			18.3030052				17.4642492
	2				0			18.2482876				17.4642492
	2				1			18.2482876				17.4642492
	2				2			18.2482876				17.4642492
	2				3			18.2482876				17.4642492
	2				4			18.2482876				17.4642492
	2				5			18.2482876				17.4642492
	3				0			265.7254222				17.4642492
	3				0			189.2300188				17.4642492
	3				0			128.4211821				17.4642492
	3				0			124.4307036				17.4642492
	3				0			101.2570985				17.4642492
	3				0			86.5794433				17.4642492
	3				0			71.8261791				17.4642492
	3				0			55.4346462				17.4642492
	3				0			49.7995984				17.4642492
	3				0			33.7194306				17.4642492
	3				1			34.6265794				17.4642492
	3				0			33.5410197				17.4642492
	3				0			33.4514574				17.4642492
	3				0			33.0302891				17.4642492
	3				1			33.1209903				17.4642492
	3				2			33.1209903				17.4642492
	3				3			33.1209903				17.4642492
	3				4			33.1511689				17.4642492
	3				0			32.9089653				17.4642492
	3				1			32.9089653				17.4642492
	3				0			32.6036808				17.4642492
	3				0			32.4499615				17.4642492
	3				1			32.5115364				17.4642492
	3				2			32.5115364				17.4642492
	3				3			32.5115364				17.4642492
	3				4			32.5115364				17.4642492
	3				5			32.5115364				17.4642492
	4				0			173.1617741				17.4642492
	4				0			147.5127113				17.4642492
	4				1			150.9966887				17.4642492
	4				0			137.5245433				17.4642492
	4				0			116.6318996				17.4642492
	4				0			106.1084351				17.4642492
	4				0			95.6399498				17.4642492
	4				0			85.1116913				17.4642492
	4				0			72.7255113				17.4642492
	4				0			62.4339651				17.4642492
	4				0			57.4108004				17.4642492
	4				0			49.6386946				17.4642492
	4				0			45.4642717				17.4642492
	4				0			33.9558537				17.4642492
	4				0			29.4448637				17.4642492
	4				1			29.4448637				17.4642492
	4				0			29.0688837				17.4642492
	4				0			28.6181760				17.4642492
	4				0			28.5832119				17.4642492
	4				0			27.9105715				17.4642492
	4				0			25.9036677				17.4642492
	4				0			25.5538647				17.4642492
	4				1			25.7099203				17.4642492
	4				2			25.7099203				17.4642492
	4				3			25.7099203				17.4642492
	4				4			25.7099203				17.4642492
	4				5			25.7099203				17.4642492
	5				0			194.9358869				17.4642492
	5				0			116.8503316				17.4642492
	5				1			120.6731122				17.4642492
	5				0			106.1225706				17.4642492
	5				1			123.1584345				17.4642492
	5				2			113.9956140				17.4642492
	5				0			105.0666455				17.4642492
	5				0			93.1020945				17.4642492
	5				0			82.8251170				17.4642492
	5				0			71.7356257				17.4642492
	5				0			56.7978873				17.4642492
	5				0			51.2054685				17.4642492
	5				0			47.1380950				17.4642492
	5				0			39.7743636				17.4642492
	5				0			34.6410162				17.4642492
	5				0			29.6310648				17.4642492
	5				0			26.6082694				17.4642492
	5				0			20.6881609				17.4642492
	5				1			20.8326667				17.4642492
	5				2			20.7846097				17.4642492
	5				3			20.9761770				17.4642492
	5				4			20.9761770				17.4642492
	5				5			20.9761770				17.4642492
	6				0			288.1076188				17.4642492
	6				0			185.3429254				17.4642492
	6				0			140.7053659				17.4642492
	6				0			137.6844218				17.4642492
	6				0			124.4186481				17.4642492
	6				0			111.4001795				17.4642492
	6				0			94.0850679				17.4642492
	6				0			78.2623792				17.4642492
	6				0			61.2372436				17.4642492
	6				0			51.4587213				17.4642492
	6				0			38.6522962				17.4642492
	6				0			38.5356977				17.4642492
	6				0			38.0394532				17.4642492
	6				0			29.9666481				17.4642492
	6				0			29.1547595				17.4642492
	6				0			28.4604989				17.4642492
	6				0			28.0356915				17.4642492
	6				0			28.0000000				17.4642492
	6				0			27.8926514				17.4642492
	6				1			27.8926514				17.4642492
	6				2			27.8926514				17.4642492
	6				3			27.8926514				17.4642492
	6				4			27.8926514				17.4642492
	6				0			27.5317998				17.4642492
	6				0			27.3130006				17.4642492
	6				1			27.3130006				17.4642492
	6				2			27.3130006				17.4642492
	6				3			27.3130006				17.4642492
	6				4			27.3130006				17.4642492
	6				5			27.3130006				17.4642492
	7				0			300.3164997				17.4642492
	7				0			187.4353222				17.4642492
	7				0			155.8011553				17.4642492
	7				0			138.5532389				17.4642492
	7				0			104.5179410				17.4642492
	7				0			70.8378430				17.4642492
	7				0			51.7783739				17.4642492
	7				0			35.7910603				17.4642492
	7				0			29.3087018				17.4642492
	7				1			30.1993377				17.4642492
	7				0			21.6794834				17.4642492
	7				0			21.0237960				17.4642492
	7				1			21.0237960				17.4642492
	7				2			21.1660105				17.4642492
	7				3			21.1660105				17.4642492
	7				0			20.8326667				17.4642492
	7				1			20.9284495				17.4642492
	7				2			20.9284495				17.4642492
	7				3			20.9284495				17.4642492
	7				4			20.9284495				17.4642492
	7				5			20.9284495				17.4642492
	8				0			222.6836321				17.4642492
	8				0			187.0614872				17.4642492
	8				0			146.5537444				17.4642492
	8				0			129.1665591				17.4642492
	8				1			143.9722195				17.4642492
	8				2			129.9384470				17.4642492
	8				0			121.5976973				17.4642492
	8				0			110.9414260				17.4642492
	8				0			102.1273715				17.4642492
	8				0			90.2330316				17.4642492
	8				0			76.1445993				17.4642492
	8				0			65.3222780				17.4642492
	8				0			61.7494939				17.4642492
	8				0			57.2101390				17.4642492
	8				1			59.9416383				17.4642492
	8				2			59.9749948				17.4642492
	8				0			55.4526825				17.4642492
	8				0			47.4447047				17.4642492
	8				0			47.3814310				17.4642492
	8				0			46.9574275				17.4642492
	8				0			46.8508271				17.4642492
	8				1			46.9148164				17.4642492
	8				0			46.2925480				17.4642492
	8				0			46.1410880				17.4642492
	8				0			45.7711700				17.4642492
	8				0			45.5741155				17.4642492
	8				0			45.0444225				17.4642492
	8				0			43.8063922				17.4642492
	8				1			43.8520239				17.4642492
	8				2			43.8520239				17.4642492
	8				0			43.4396133				17.4642492
	8				0			43.3704969				17.4642492
	8				0			42.9534632				17.4642492
	8				0			41.9404340				17.4642492
	8				1			41.9404340				17.4642492
	8				2			41.9404340				17.4642492
	8				3			41.9404340				17.4642492
	8				4			41.9404340				17.4642492
	8				5			41.9404340				17.4642492
	9				0			206.4461189				17.4642492
	9				0			146.0034246				17.4642492
	9				1			160.8322107				17.4642492
	9				0			94.4563391				17.4642492
	9				0			69.8068765				17.4642492
	9				0			53.5723809				17.4642492
	9				0			36.3868108				17.4642492
	9				0			24.8193473				17.4642492
	9				0			20.8806130				17.4642492
	9				0			20.4939015				17.4642492
	9				1			22.0454077				17.4642492
	9				2			22.0907220				17.4642492
	9				3			21.8632111				17.4642492
	9				4			22.0454077				17.4642492
	9				5			21.8632111				17.4642492

Prices: 
5.363642076286543
5.065553056971974
5.344737637716996
5.254645192639184
4.766189663864402
5.029485672229855
4.5734069709827745
5.375744871106819
4.644663522052703
5.321999067635072
4.8884995169714465
4.581935241527667
5.24789828483154
5.31204234934754
5.087716529571934
5.310165710413364
5.174757737435346
5.13003540858662
5.255748654242786
5.380591960631707
5.508736690137186
5.259995669065154
5.314085904924439
5.355365446195092
5.358430541629573
5.472243844079375
5.056147079677317
4.953779482320741
5.325831499803241
5.272079443054017
5.5580103178347064
5.205556504309566
4.409852095900693
4.958938069237722
4.480513911474485
4.868363800524139
5.0158261198029335
5.337846772616984
5.072608501964288
4.729102168284017
5.174129522491318
4.881072662007226
5.125689968958297
5.2810683776286504
4.610578410916962
4.548357476659098
5.123876974550507
4.959787830434822
4.889764427637304
5.2644409018047345
Score: 17.46424919657298

